10 0 9
10 1 10
10 2 4
10 3 9
10 4 4
10 5 10
10 6 9
10 7 9
10 8 4
10 9 4
10 10 10
10 11 9
10 12 4
10 13 4
10 14 9
10 15 4
10 16 10
10 17 4
10 18 9
10 19 9
10 20 9
10 21 4
10 22 9
10 23 4
10 24 4
10 25 9
10 26 4
10 27 10
10 28 4
10 29 4
10 30 4
10 31 9
10 32 4
10 33 4
10 34 9
10 35 9
10 36 4
10 37 4
10 38 4
10 39 10
10 40 10
10 41 4
10 42 10
10 43 9
10 44 4
10 45 4
10 46 4
10 47 10
10 48 4
10 49 9
10 50 4
10 51 4
10 52 10
10 53 4
10 54 10
10 55 4
10 56 10
10 57 4
10 58 4
10 59 10
10 60 9
10 61 10
10 62 9
10 63 4
10 64 10
10 65 10
10 66 10
10 67 4
10 68 9
10 69 4
10 70 4
10 71 9
10 72 4
10 73 4
10 74 4
10 75 4
10 76 4
10 77 4
10 78 4
10 79 4
10 80 4
10 81 9
10 82 9
10 83 9
10 84 4
10 85 4
10 86 9
10 87 4
10 88 10
10 89 10
10 90 9
10 91 4
10 92 4
10 93 10
10 94 4
10 95 4
10 96 4
10 97 10
10 98 4
10 99 4
20 0 19
20 1 22
20 2 9
20 3 19
20 4 9
20 5 22
20 6 19
20 7 19
20 8 9
20 9 9
20 10 22
20 11 19
20 12 9
20 13 9
20 14 19
20 15 9
20 16 22
20 17 9
20 18 19
20 19 19
20 20 19
20 21 9
20 22 19
20 23 9
20 24 9
20 25 19
20 26 9
20 27 22
20 28 9
20 29 9
20 30 9
20 31 19
20 32 9
20 33 9
20 34 19
20 35 19
20 36 9
20 37 9
20 38 9
20 39 22
20 40 22
20 41 9
20 42 22
20 43 19
20 44 9
20 45 9
20 46 9
20 47 22
20 48 9
20 49 19
20 50 9
20 51 9
20 52 22
20 53 9
20 54 22
20 55 9
20 56 22
20 57 9
20 58 9
20 59 22
20 60 19
20 61 22
20 62 19
20 63 9
20 64 22
20 65 22
20 66 22
20 67 9
20 68 19
20 69 9
20 70 9
20 71 19
20 72 9
20 73 9
20 74 9
20 75 9
20 76 9
20 77 9
20 78 9
20 79 9
20 80 9
20 81 19
20 82 19
20 83 19
20 84 9
20 85 9
20 86 19
20 87 9
20 88 22
20 89 22
20 90 19
20 91 9
20 92 9
20 93 22
20 94 9
20 95 9
20 96 9
20 97 22
20 98 9
20 99 9
30 0 28
30 1 41
30 2 23
30 3 28
30 4 28
30 5 41
30 6 28
30 7 27
30 8 17
30 9 22
30 10 42
30 11 28
30 12 23
30 13 28
30 14 28
30 15 17
30 16 31
30 17 28
30 18 28
30 19 28
30 20 28
30 21 17
30 22 28
30 23 17
30 24 23
30 25 28
30 26 17
30 27 41
30 28 39
30 29 17
30 30 39
30 31 28
30 32 17
30 33 17
30 34 28
30 35 28
30 36 23
30 37 39
30 38 17
30 39 41
30 40 41
30 41 17
30 42 42
30 43 28
30 44 27
30 45 28
30 46 28
30 47 42
30 48 23
30 49 27
30 50 23
30 51 17
30 52 36
30 53 17
30 54 42
30 55 23
30 56 41
30 57 23
30 58 18
30 59 31
30 60 28
30 61 42
30 62 28
30 63 17
30 64 41
30 65 41
30 66 42
30 67 28
30 68 28
30 69 23
30 70 17
30 71 28
30 72 17
30 73 39
30 74 23
30 75 18
30 76 28
30 77 16
30 78 39
30 79 23
30 80 17
30 81 27
30 82 28
30 83 28
30 84 28
30 85 17
30 86 28
30 87 28
30 88 31
30 89 42
30 90 27
30 91 23
30 92 17
30 93 41
30 94 17
30 95 17
30 96 29
30 97 41
30 98 29
30 99 17
40 0 37
40 1 61
40 2 39
40 3 37
40 4 48
40 5 61
40 6 37
40 7 37
40 8 27
40 9 38
40 10 64
40 11 37
40 12 39
40 13 48
40 14 37
40 15 27
40 16 40
40 17 48
40 18 37
40 19 37
40 20 37
40 21 27
40 22 37
40 23 27
40 24 39
40 25 37
40 26 27
40 27 61
40 28 70
40 29 27
40 30 70
40 31 37
40 32 27
40 33 27
40 34 37
40 35 37
40 36 39
40 37 70
40 38 27
40 39 61
40 40 61
40 41 27
40 42 64
40 43 37
40 44 47
40 45 48
40 46 48
40 47 64
40 48 39
40 49 37
40 50 39
40 51 27
40 52 52
40 53 27
40 54 64
40 55 39
40 56 61
40 57 39
40 58 27
40 59 40
40 60 37
40 61 64
40 62 37
40 63 27
40 64 61
40 65 61
40 66 64
40 67 48
40 68 37
40 69 39
40 70 27
40 71 37
40 72 27
40 73 70
40 74 39
40 75 27
40 76 48
40 77 26
40 78 70
40 79 39
40 80 27
40 81 37
40 82 37
40 83 37
40 84 48
40 85 27
40 86 37
40 87 48
40 88 40
40 89 64
40 90 37
40 91 39
40 92 27
40 93 61
40 94 27
40 95 27
40 96 51
40 97 61
40 98 51
40 99 27
50 0 56
50 1 70
50 2 52
50 3 47
50 4 57
50 5 70
50 6 47
50 7 47
50 8 37
50 9 47
50 10 73
50 11 47
50 12 48
50 13 57
50 14 56
50 15 36
50 16 59
50 17 57
50 18 47
50 19 47
50 20 47
50 21 36
50 22 56
50 23 36
50 24 48
50 25 47
50 26 36
50 27 70
50 28 83
50 29 36
50 30 79
50 31 47
50 32 36
50 33 36
50 34 47
50 35 47
50 36 48
50 37 83
50 38 36
50 39 70
50 40 70
50 41 36
50 42 73
50 43 47
50 44 56
50 45 57
50 46 57
50 47 73
50 48 52
50 49 47
50 50 48
50 51 37
50 52 61
50 53 40
50 54 73
50 55 48
50 56 70
50 57 52
50 58 37
50 59 49
50 60 47
50 61 73
50 62 56
50 63 40
50 64 70
50 65 80
50 66 73
50 67 57
50 68 56
50 69 52
50 70 36
50 71 47
50 72 36
50 73 83
50 74 52
50 75 46
50 76 57
50 77 35
50 78 83
50 79 52
50 80 36
50 81 47
50 82 47
50 83 56
50 84 61
50 85 36
50 86 47
50 87 57
50 88 59
50 89 73
50 90 47
50 91 52
50 92 40
50 93 70
50 94 37
50 95 40
50 96 60
50 97 70
50 98 60
50 99 36
60 0 76
60 1 79
60 2 66
60 3 57
60 4 67
60 5 79
60 6 57
60 7 57
60 8 47
60 9 56
60 10 82
60 11 57
60 12 57
60 13 67
60 14 76
60 15 46
60 16 79
60 17 67
60 18 57
60 19 57
60 20 57
60 21 46
60 22 76
60 23 46
60 24 57
60 25 57
60 26 46
60 27 79
60 28 97
60 29 46
60 30 89
60 31 57
60 32 46
60 33 46
60 34 57
60 35 57
60 36 57
60 37 97
60 38 46
60 39 79
60 40 79
60 41 46
60 42 82
60 43 57
60 44 66
60 45 67
60 46 67
60 47 82
60 48 66
60 49 57
60 50 57
60 51 47
60 52 70
60 53 54
60 54 82
60 55 57
60 56 79
60 57 66
60 58 47
60 59 58
60 60 57
60 61 82
60 62 76
60 63 54
60 64 79
60 65 100
60 66 82
60 67 67
60 68 76
60 69 66
60 70 46
60 71 57
60 72 46
60 73 97
60 74 66
60 75 66
60 76 67
60 77 45
60 78 97
60 79 66
60 80 46
60 81 57
60 82 57
60 83 76
60 84 75
60 85 46
60 86 57
60 87 67
60 88 79
60 89 82
60 90 57
60 91 66
60 92 54
60 93 79
60 94 47
60 95 54
60 96 69
60 97 79
60 98 69
60 99 46
70 0 81
70 1 84
70 2 84
70 3 62
70 4 79
70 5 84
70 6 62
70 7 69
70 8 65
70 9 64
70 10 90
70 11 62
70 12 62
70 13 75
70 14 81
70 15 58
70 16 84
70 17 75
70 18 62
70 19 62
70 20 62
70 21 64
70 22 81
70 23 58
70 24 62
70 25 62
70 26 58
70 27 84
70 28 105
70 29 58
70 30 97
70 31 62
70 32 58
70 33 58
70 34 62
70 35 62
70 36 62
70 37 105
70 38 58
70 39 87
70 40 87
70 41 58
70 42 90
70 43 62
70 44 74
70 45 79
70 46 75
70 47 87
70 48 71
70 49 75
70 50 62
70 51 65
70 52 75
70 53 72
70 54 90
70 55 62
70 56 87
70 57 74
70 58 52
70 59 63
70 60 62
70 61 87
70 62 81
70 63 59
70 64 84
70 65 105
70 66 90
70 67 79
70 68 81
70 69 74
70 70 58
70 71 62
70 72 58
70 73 105
70 74 74
70 75 71
70 76 79
70 77 57
70 78 105
70 79 74
70 80 58
70 81 75
70 82 62
70 83 81
70 84 83
70 85 64
70 86 62
70 87 75
70 88 84
70 89 90
70 90 75
70 91 71
70 92 72
70 93 84
70 94 65
70 95 59
70 96 77
70 97 87
70 98 77
70 99 58
80 0 87
80 1 90
80 2 103
80 3 68
80 4 92
80 5 90
80 6 68
80 7 82
80 8 84
80 9 73
80 10 99
80 11 68
80 12 68
80 13 84
80 14 87
80 15 71
80 16 90
80 17 84
80 18 68
80 19 68
80 20 68
80 21 83
80 22 87
80 23 71
80 24 68
80 25 68
80 26 71
80 27 90
80 28 114
80 29 71
80 30 106
80 31 68
80 32 71
80 33 71
80 34 68
80 35 68
80 36 68
80 37 114
80 38 71
80 39 96
80 40 96
80 41 71
80 42 99
80 43 68
80 44 83
80 45 92
80 46 84
80 47 93
80 48 77
80 49 94
80 50 68
80 51 84
80 52 81
80 53 91
80 54 99
80 55 68
80 56 96
80 57 83
80 58 58
80 59 69
80 60 68
80 61 93
80 62 87
80 63 65
80 64 90
80 65 111
80 66 99
80 67 92
80 68 87
80 69 83
80 70 71
80 71 68
80 72 71
80 73 114
80 74 83
80 75 77
80 76 92
80 77 70
80 78 114
80 79 83
80 80 71
80 81 94
80 82 68
80 83 87
80 84 92
80 85 83
80 86 68
80 87 84
80 88 90
80 89 99
80 90 94
80 91 77
80 92 91
80 93 90
80 94 84
80 95 65
80 96 86
80 97 96
80 98 86
80 99 71
90 0 96
90 1 99
90 2 108
90 3 73
90 4 110
90 5 99
90 6 73
90 7 87
90 8 89
90 9 86
90 10 108
90 11 73
90 12 73
90 13 97
90 14 96
90 15 89
90 16 99
90 17 97
90 18 73
90 19 73
90 20 73
90 21 88
90 22 92
90 23 76
90 24 73
90 25 73
90 26 89
90 27 99
90 28 127
90 29 76
90 30 119
90 31 73
90 32 76
90 33 89
90 34 73
90 35 73
90 36 73
90 37 127
90 38 76
90 39 105
90 40 105
90 41 89
90 42 108
90 43 73
90 44 96
90 45 110
90 46 97
90 47 102
90 48 82
90 49 99
90 50 73
90 51 89
90 52 86
90 53 96
90 54 108
90 55 73
90 56 105
90 57 96
90 58 63
90 59 78
90 60 73
90 61 102
90 62 96
90 63 70
90 64 99
90 65 120
90 66 108
90 67 105
90 68 92
90 69 96
90 70 76
90 71 73
90 72 89
90 73 127
90 74 96
90 75 82
90 76 110
90 77 75
90 78 132
90 79 96
90 80 89
90 81 99
90 82 73
90 83 92
90 84 105
90 85 88
90 86 73
90 87 97
90 88 99
90 89 108
90 90 99
90 91 82
90 92 96
90 93 99
90 94 89
90 95 70
90 96 95
90 97 105
90 98 95
90 99 89
100 0 106
100 1 109
100 2 113
100 3 78
100 4 129
100 5 109
100 6 78
100 7 92
100 8 94
100 9 100
100 10 118
100 11 78
100 12 78
100 13 111
100 14 106
100 15 108
100 16 109
100 17 111
100 18 78
100 19 78
100 20 78
100 21 93
100 22 97
100 23 81
100 24 78
100 25 78
100 26 108
100 27 109
100 28 141
100 29 81
100 30 133
100 31 78
100 32 81
100 33 108
100 34 78
100 35 78
100 36 78
100 37 141
100 38 81
100 39 115
100 40 115
100 41 108
100 42 118
100 43 78
100 44 110
100 45 129
100 46 111
100 47 112
100 48 87
100 49 104
100 50 78
100 51 94
100 52 91
100 53 101
100 54 118
100 55 78
100 56 115
100 57 110
100 58 68
100 59 88
100 60 78
100 61 112
100 62 106
100 63 75
100 64 109
100 65 130
100 66 118
100 67 119
100 68 97
100 69 110
100 70 81
100 71 78
100 72 108
100 73 141
100 74 110
100 75 87
100 76 129
100 77 80
100 78 151
100 79 110
100 80 108
100 81 104
100 82 78
100 83 97
100 84 119
100 85 93
100 86 78
100 87 111
100 88 109
100 89 118
100 90 104
100 91 87
100 92 101
100 93 109
100 94 94
100 95 75
100 96 105
100 97 115
100 98 105
100 99 108
110 0 124
110 1 127
110 2 119
110 3 89
110 4 135
110 5 127
110 6 89
110 7 98
110 8 100
110 9 112
110 10 132
110 11 89
110 12 84
110 13 123
110 14 124
110 15 114
110 16 127
110 17 123
110 18 89
110 19 89
110 20 89
110 21 99
110 22 108
110 23 87
110 24 84
110 25 89
110 26 114
110 27 127
110 28 153
110 29 87
110 30 145
110 31 89
110 32 87
110 33 114
110 34 84
110 35 89
110 36 84
110 37 153
110 38 87
110 39 129
110 40 129
110 41 114
110 42 132
110 43 89
110 44 122
110 45 135
110 46 123
110 47 126
110 48 93
110 49 115
110 50 92
110 51 100
110 52 105
110 53 107
110 54 132
110 55 92
110 56 129
110 57 122
110 58 74
110 59 106
110 60 89
110 61 126
110 62 124
110 63 81
110 64 127
110 65 148
110 66 132
110 67 131
110 68 108
110 69 122
110 70 87
110 71 89
110 72 114
110 73 153
110 74 122
110 75 93
110 76 135
110 77 86
110 78 157
110 79 122
110 80 114
110 81 115
110 82 89
110 83 108
110 84 131
110 85 99
110 86 89
110 87 123
110 88 127
110 89 132
110 90 110
110 91 93
110 92 107
110 93 123
110 94 100
110 95 81
110 96 117
110 97 129
110 98 117
110 99 114
120 0 143
120 1 146
120 2 126
120 3 102
120 4 142
120 5 146
120 6 102
120 7 105
120 8 107
120 9 125
120 10 147
120 11 102
120 12 91
120 13 136
120 14 143
120 15 121
120 16 146
120 17 136
120 18 102
120 19 102
120 20 102
120 21 106
120 22 121
120 23 94
120 24 91
120 25 102
120 26 121
120 27 146
120 28 166
120 29 94
120 30 158
120 31 102
120 32 94
120 33 121
120 34 91
120 35 102
120 36 91
120 37 166
120 38 94
120 39 144
120 40 144
120 41 121
120 42 147
120 43 102
120 44 135
120 45 142
120 46 136
120 47 141
120 48 100
120 49 128
120 50 107
120 51 107
120 52 120
120 53 114
120 54 147
120 55 107
120 56 144
120 57 135
120 58 81
120 59 125
120 60 102
120 61 141
120 62 143
120 63 88
120 64 146
120 65 167
120 66 147
120 67 144
120 68 121
120 69 135
120 70 94
120 71 102
120 72 121
120 73 166
120 74 135
120 75 100
120 76 142
120 77 93
120 78 164
120 79 135
120 80 121
120 81 128
120 82 102
120 83 121
120 84 144
120 85 106
120 86 102
120 87 136
120 88 146
120 89 147
120 90 117
120 91 100
120 92 114
120 93 138
120 94 107
120 95 88
120 96 130
120 97 144
120 98 130
120 99 121
130 0 143
130 1 146
130 2 126
130 3 102
130 4 142
130 5 175
130 6 102
130 7 105
130 8 107
130 9 125
130 10 147
130 11 102
130 12 91
130 13 136
130 14 143
130 15 121
130 16 175
130 17 136
130 18 102
130 19 102
130 20 102
130 21 106
130 22 121
130 23 94
130 24 91
130 25 102
130 26 147
130 27 146
130 28 166
130 29 94
130 30 158
130 31 102
130 32 94
130 33 147
130 34 91
130 35 102
130 36 91
130 37 166
130 38 94
130 39 144
130 40 144
130 41 147
130 42 147
130 43 102
130 44 135
130 45 142
130 46 136
130 47 141
130 48 100
130 49 128
130 50 107
130 51 107
130 52 120
130 53 114
130 54 147
130 55 107
130 56 144
130 57 135
130 58 81
130 59 154
130 60 102
130 61 141
130 62 143
130 63 88
130 64 146
130 65 194
130 66 147
130 67 144
130 68 121
130 69 135
130 70 94
130 71 102
130 72 147
130 73 166
130 74 135
130 75 100
130 76 142
130 77 93
130 78 164
130 79 135
130 80 147
130 81 128
130 82 102
130 83 121
130 84 144
130 85 106
130 86 102
130 87 136
130 88 175
130 89 147
130 90 117
130 91 100
130 92 114
130 93 138
130 94 107
130 95 88
130 96 130
130 97 144
130 98 130
130 99 147
140 0 143
140 1 146
140 2 126
140 3 102
140 4 142
140 5 207
140 6 102
140 7 105
140 8 107
140 9 125
140 10 147
140 11 102
140 12 91
140 13 136
140 14 143
140 15 121
140 16 207
140 17 136
140 18 102
140 19 102
140 20 102
140 21 106
140 22 121
140 23 94
140 24 91
140 25 102
140 26 176
140 27 146
140 28 166
140 29 94
140 30 158
140 31 102
140 32 94
140 33 176
140 34 91
140 35 102
140 36 91
140 37 166
140 38 94
140 39 144
140 40 144
140 41 176
140 42 147
140 43 102
140 44 135
140 45 142
140 46 136
140 47 141
140 48 100
140 49 128
140 50 107
140 51 107
140 52 120
140 53 114
140 54 147
140 55 107
140 56 144
140 57 135
140 58 81
140 59 186
140 60 102
140 61 141
140 62 143
140 63 88
140 64 146
140 65 226
140 66 147
140 67 144
140 68 121
140 69 135
140 70 94
140 71 102
140 72 176
140 73 166
140 74 135
140 75 100
140 76 142
140 77 93
140 78 164
140 79 135
140 80 176
140 81 128
140 82 102
140 83 121
140 84 144
140 85 106
140 86 102
140 87 136
140 88 207
140 89 147
140 90 117
140 91 100
140 92 114
140 93 138
140 94 107
140 95 88
140 96 130
140 97 144
140 98 130
140 99 176
150 0 147
150 1 150
150 2 130
150 3 106
150 4 153
150 5 211
150 6 106
150 7 113
150 8 115
150 9 129
150 10 151
150 11 110
150 12 95
150 13 147
150 14 147
150 15 125
150 16 211
150 17 147
150 18 110
150 19 106
150 20 110
150 21 114
150 22 125
150 23 102
150 24 95
150 25 110
150 26 187
150 27 150
150 28 177
150 29 102
150 30 169
150 31 110
150 32 102
150 33 184
150 34 99
150 35 110
150 36 95
150 37 177
150 38 102
150 39 148
150 40 148
150 41 187
150 42 151
150 43 106
150 44 146
150 45 153
150 46 147
150 47 145
150 48 104
150 49 136
150 50 111
150 51 115
150 52 124
150 53 118
150 54 151
150 55 111
150 56 148
150 57 146
150 58 85
150 59 190
150 60 110
150 61 145
150 62 147
150 63 92
150 64 150
150 65 230
150 66 151
150 67 155
150 68 125
150 69 139
150 70 102
150 71 110
150 72 184
150 73 177
150 74 139
150 75 104
150 76 153
150 77 101
150 78 175
150 79 146
150 80 184
150 81 136
150 82 110
150 83 125
150 84 155
150 85 114
150 86 106
150 87 147
150 88 211
150 89 151
150 90 125
150 91 104
150 92 118
150 93 142
150 94 115
150 95 92
150 96 134
150 97 148
150 98 134
150 99 187
160 0 152
160 1 155
160 2 135
160 3 111
160 4 165
160 5 216
160 6 111
160 7 122
160 8 124
160 9 134
160 10 156
160 11 119
160 12 100
160 13 159
160 14 152
160 15 130
160 16 216
160 17 159
160 18 119
160 19 111
160 20 119
160 21 123
160 22 130
160 23 111
160 24 100
160 25 119
160 26 199
160 27 155
160 28 189
160 29 111
160 30 181
160 31 119
160 32 111
160 33 193
160 34 108
160 35 119
160 36 100
160 37 189
160 38 111
160 39 153
160 40 153
160 41 199
160 42 156
160 43 111
160 44 158
160 45 165
160 46 159
160 47 150
160 48 109
160 49 145
160 50 116
160 51 124
160 52 129
160 53 123
160 54 156
160 55 116
160 56 153
160 57 158
160 58 90
160 59 195
160 60 119
160 61 150
160 62 152
160 63 97
160 64 155
160 65 235
160 66 156
160 67 167
160 68 130
160 69 144
160 70 111
160 71 119
160 72 193
160 73 189
160 74 144
160 75 109
160 76 165
160 77 110
160 78 187
160 79 158
160 80 193
160 81 145
160 82 119
160 83 130
160 84 167
160 85 123
160 86 111
160 87 159
160 88 216
160 89 156
160 90 134
160 91 109
160 92 123
160 93 147
160 94 124
160 95 97
160 96 139
160 97 153
160 98 139
160 99 199
170 0 170
170 1 179
170 2 150
170 3 123
170 4 175
170 5 234
170 6 121
170 7 164
170 8 146
170 9 149
170 10 172
170 11 138
170 12 115
170 13 169
170 14 170
170 15 139
170 16 234
170 17 169
170 18 138
170 19 123
170 20 138
170 21 135
170 22 154
170 23 133
170 24 115
170 25 131
170 26 208
170 27 173
170 28 202
170 29 132
170 30 191
170 31 138
170 32 123
170 33 215
170 34 120
170 35 138
170 36 115
170 37 199
170 38 133
170 39 171
170 40 171
170 41 209
170 42 172
170 43 123
170 44 167
170 45 175
170 46 168
170 47 166
170 48 124
170 49 164
170 50 132
170 51 136
170 52 145
170 53 135
170 54 172
170 55 132
170 56 170
170 57 173
170 58 102
170 59 218
170 60 138
170 61 166
170 62 170
170 63 109
170 64 179
170 65 253
170 66 172
170 67 176
170 68 148
170 69 159
170 70 133
170 71 138
170 72 202
170 73 199
170 74 159
170 75 125
170 76 173
170 77 132
170 78 197
170 79 173
170 80 215
170 81 162
170 82 138
170 83 154
170 84 176
170 85 135
170 86 123
170 87 168
170 88 240
170 89 171
170 90 176
170 91 124
170 92 135
170 93 171
170 94 136
170 95 109
170 96 154
170 97 169
170 98 154
170 99 208
180 0 189
180 1 203
180 2 165
180 3 137
180 4 187
180 5 253
180 6 135
180 7 209
180 8 170
180 9 164
180 10 190
180 11 158
180 12 130
180 13 182
180 14 189
180 15 152
180 16 253
180 17 180
180 18 158
180 19 137
180 20 158
180 21 148
180 22 178
180 23 157
180 24 130
180 25 145
180 26 220
180 27 192
180 28 217
180 29 156
180 30 203
180 31 158
180 32 137
180 33 239
180 34 134
180 35 158
180 36 130
180 37 212
180 38 157
180 39 190
180 40 190
180 41 221
180 42 190
180 43 137
180 44 180
180 45 187
180 46 180
180 47 184
180 48 139
180 49 184
180 50 150
180 51 150
180 52 163
180 53 149
180 54 190
180 55 150
180 56 189
180 57 188
180 58 116
180 59 242
180 60 158
180 61 184
180 62 189
180 63 123
180 64 203
180 65 272
180 66 190
180 67 188
180 68 167
180 69 174
180 70 157
180 71 158
180 72 214
180 73 212
180 74 174
180 75 143
180 76 184
180 77 156
180 78 209
180 79 188
180 80 239
180 81 181
180 82 158
180 83 178
180 84 189
180 85 149
180 86 137
180 87 180
180 88 264
180 89 189
180 90 223
180 91 139
180 92 149
180 93 195
180 94 150
180 95 122
180 96 169
180 97 187
180 98 169
180 99 220
190 0 222
190 1 210
190 2 172
190 3 150
190 4 196
190 5 260
190 6 148
190 7 209
190 8 182
190 9 171
190 10 197
190 11 171
190 12 137
190 13 191
190 14 222
190 15 161
190 16 286
190 17 189
190 18 171
190 19 150
190 20 182
190 21 160
190 22 202
190 23 169
190 24 137
190 25 158
190 26 229
190 27 199
190 28 226
190 29 168
190 30 212
190 31 170
190 32 149
190 33 251
190 34 146
190 35 182
190 36 137
190 37 221
190 38 169
190 39 197
190 40 197
190 41 230
190 42 197
190 43 150
190 44 189
190 45 196
190 46 189
190 47 191
190 48 152
190 49 196
190 50 157
190 51 162
190 52 170
190 53 162
190 54 197
190 55 157
190 56 196
190 57 197
190 58 129
190 59 249
190 60 182
190 61 191
190 62 222
190 63 136
190 64 210
190 65 279
190 66 197
190 67 197
190 68 191
190 69 183
190 70 169
190 71 182
190 72 223
190 73 221
190 74 181
190 75 156
190 76 193
190 77 168
190 78 218
190 79 197
190 80 248
190 81 193
190 82 171
190 83 202
190 84 198
190 85 161
190 86 150
190 87 189
190 88 271
190 89 196
190 90 235
190 91 146
190 92 162
190 93 202
190 94 162
190 95 135
190 96 176
190 97 194
190 98 176
190 99 229
200 0 258
200 1 218
200 2 180
200 3 164
200 4 206
200 5 268
200 6 162
200 7 209
200 8 196
200 9 179
200 10 205
200 11 185
200 12 145
200 13 201
200 14 258
200 15 171
200 16 322
200 17 199
200 18 185
200 19 164
200 20 208
200 21 174
200 22 228
200 23 183
200 24 145
200 25 172
200 26 239
200 27 207
200 28 236
200 29 182
200 30 222
200 31 184
200 32 163
200 33 265
200 34 160
200 35 208
200 36 145
200 37 231
200 38 183
200 39 205
200 40 205
200 41 240
200 42 205
200 43 164
200 44 199
200 45 206
200 46 199
200 47 199
200 48 166
200 49 210
200 50 165
200 51 176
200 52 178
200 53 176
200 54 205
200 55 165
200 56 204
200 57 207
200 58 143
200 59 257
200 60 208
200 61 199
200 62 258
200 63 150
200 64 218
200 65 287
200 66 205
200 67 207
200 68 217
200 69 193
200 70 183
200 71 208
200 72 233
200 73 231
200 74 189
200 75 170
200 76 203
200 77 182
200 78 228
200 79 207
200 80 258
200 81 207
200 82 185
200 83 228
200 84 208
200 85 175
200 86 164
200 87 199
200 88 279
200 89 204
200 90 249
200 91 154
200 92 176
200 93 210
200 94 176
200 95 149
200 96 184
200 97 202
200 98 184
200 99 239
210 0 267
210 1 226
210 2 191
210 3 173
210 4 217
210 5 276
210 6 171
210 7 209
210 8 215
210 9 187
210 10 213
210 11 194
210 12 157
210 13 212
210 14 267
210 15 183
210 16 331
210 17 210
210 18 194
210 19 173
210 20 217
210 21 186
210 22 237
210 23 202
210 24 153
210 25 181
210 26 251
210 27 215
210 28 247
210 29 201
210 30 233
210 31 196
210 32 175
210 33 284
210 34 172
210 35 217
210 36 153
210 37 242
210 38 202
210 39 213
210 40 213
210 41 251
210 42 213
210 43 173
210 44 210
210 45 217
210 46 210
210 47 207
210 48 178
210 49 222
210 50 173
210 51 188
210 52 186
210 53 188
210 54 213
210 55 173
210 56 212
210 57 218
210 58 152
210 59 266
210 60 217
210 61 207
210 62 267
210 63 162
210 64 226
210 65 296
210 66 213
210 67 218
210 68 226
210 69 201
210 70 202
210 71 217
210 72 245
210 73 242
210 74 197
210 75 179
210 76 214
210 77 201
210 78 239
210 79 215
210 80 277
210 81 226
210 82 194
210 83 237
210 84 219
210 85 187
210 86 173
210 87 210
210 88 288
210 89 212
210 90 268
210 91 166
210 92 188
210 93 218
210 94 188
210 95 161
210 96 192
210 97 210
210 98 192
210 99 250
220 0 277
220 1 235
220 2 204
220 3 183
220 4 230
220 5 285
220 6 181
220 7 209
220 8 235
220 9 196
220 10 222
220 11 204
220 12 170
220 13 225
220 14 277
220 15 196
220 16 341
220 17 223
220 18 204
220 19 183
220 20 227
220 21 199
220 22 247
220 23 222
220 24 162
220 25 191
220 26 264
220 27 224
220 28 260
220 29 221
220 30 246
220 31 209
220 32 188
220 33 304
220 34 185
220 35 227
220 36 162
220 37 255
220 38 222
220 39 222
220 40 222
220 41 264
220 42 222
220 43 183
220 44 223
220 45 230
220 46 223
220 47 216
220 48 191
220 49 235
220 50 182
220 51 201
220 52 195
220 53 201
220 54 222
220 55 182
220 56 221
220 57 231
220 58 162
220 59 276
220 60 227
220 61 216
220 62 277
220 63 175
220 64 235
220 65 306
220 66 222
220 67 231
220 68 236
220 69 210
220 70 222
220 71 227
220 72 258
220 73 255
220 74 206
220 75 189
220 76 227
220 77 221
220 78 252
220 79 224
220 80 297
220 81 246
220 82 204
220 83 247
220 84 232
220 85 200
220 86 183
220 87 223
220 88 298
220 89 221
220 90 288
220 91 179
220 92 201
220 93 227
220 94 201
220 95 174
220 96 201
220 97 219
220 98 201
220 99 263
230 0 286
230 1 243
230 2 210
230 3 192
230 4 236
230 5 293
230 6 190
230 7 209
230 8 241
230 9 204
230 10 230
230 11 213
230 12 179
230 13 231
230 14 286
230 15 202
230 16 350
230 17 229
230 18 213
230 19 192
230 20 236
230 21 205
230 22 256
230 23 228
230 24 170
230 25 200
230 26 270
230 27 232
230 28 268
230 29 227
230 30 252
230 31 215
230 32 194
230 33 334
230 34 191
230 35 236
230 36 170
230 37 261
230 38 252
230 39 230
230 40 230
230 41 270
230 42 230
230 43 192
230 44 229
230 45 236
230 46 229
230 47 224
230 48 197
230 49 241
230 50 190
230 51 207
230 52 203
230 53 207
230 54 230
230 55 190
230 56 229
230 57 239
230 58 171
230 59 285
230 60 236
230 61 224
230 62 286
230 63 181
230 64 243
230 65 315
230 66 230
230 67 237
230 68 245
230 69 218
230 70 252
230 71 236
230 72 264
230 73 261
230 74 214
230 75 198
230 76 233
230 77 251
230 78 258
230 79 232
230 80 327
230 81 252
230 82 213
230 83 256
230 84 238
230 85 206
230 86 192
230 87 229
230 88 307
230 89 229
230 90 294
230 91 185
230 92 207
230 93 235
230 94 207
230 95 180
230 96 209
230 97 227
230 98 209
230 99 269
240 0 295
240 1 251
240 2 216
240 3 201
240 4 242
240 5 301
240 6 199
240 7 209
240 8 247
240 9 212
240 10 238
240 11 222
240 12 188
240 13 237
240 14 295
240 15 208
240 16 359
240 17 235
240 18 222
240 19 201
240 20 245
240 21 211
240 22 265
240 23 234
240 24 178
240 25 209
240 26 276
240 27 240
240 28 276
240 29 233
240 30 258
240 31 221
240 32 200
240 33 365
240 34 197
240 35 245
240 36 178
240 37 267
240 38 282
240 39 238
240 40 238
240 41 276
240 42 238
240 43 201
240 44 235
240 45 242
240 46 235
240 47 232
240 48 203
240 49 247
240 50 198
240 51 213
240 52 211
240 53 213
240 54 238
240 55 198
240 56 237
240 57 247
240 58 180
240 59 294
240 60 245
240 61 232
240 62 295
240 63 187
240 64 251
240 65 324
240 66 238
240 67 243
240 68 254
240 69 226
240 70 283
240 71 245
240 72 270
240 73 267
240 74 222
240 75 207
240 76 239
240 77 282
240 78 264
240 79 240
240 80 358
240 81 258
240 82 222
240 83 265
240 84 244
240 85 212
240 86 201
240 87 235
240 88 316
240 89 237
240 90 300
240 91 191
240 92 213
240 93 243
240 94 213
240 95 186
240 96 217
240 97 235
240 98 217
240 99 275
250 0 303
250 1 257
250 2 222
250 3 209
250 4 257
250 5 309
250 6 207
250 7 209
250 8 253
250 9 218
250 10 244
250 11 230
250 12 194
250 13 250
250 14 303
250 15 223
250 16 367
250 17 248
250 18 230
250 19 209
250 20 253
250 21 217
250 22 273
250 23 249
250 24 184
250 25 217
250 26 291
250 27 246
250 28 289
250 29 239
250 30 271
250 31 229
250 32 206
250 33 380
250 34 205
250 35 253
250 36 184
250 37 280
250 38 282
250 39 244
250 40 244
250 41 291
250 42 244
250 43 209
250 44 248
250 45 257
250 46 248
250 47 238
250 48 209
250 49 255
250 50 204
250 51 219
250 52 217
250 53 219
250 54 244
250 55 204
250 56 243
250 57 260
250 58 186
250 59 302
250 60 253
250 61 238
250 62 303
250 63 193
250 64 257
250 65 332
250 66 244
250 67 258
250 68 262
250 69 239
250 70 298
250 71 253
250 72 285
250 73 280
250 74 235
250 75 215
250 76 254
250 77 288
250 78 279
250 79 253
250 80 373
250 81 266
250 82 230
250 83 273
250 84 257
250 85 218
250 86 209
250 87 248
250 88 324
250 89 243
250 90 306
250 91 197
250 92 219
250 93 249
250 94 219
250 95 192
250 96 230
250 97 241
250 98 230
250 99 290
260 0 311
260 1 263
260 2 228
260 3 217
260 4 272
260 5 317
260 6 215
260 7 209
260 8 259
260 9 224
260 10 250
260 11 238
260 12 200
260 13 264
260 14 311
260 15 238
260 16 375
260 17 262
260 18 238
260 19 217
260 20 261
260 21 223
260 22 281
260 23 264
260 24 190
260 25 225
260 26 306
260 27 252
260 28 303
260 29 245
260 30 285
260 31 237
260 32 212
260 33 395
260 34 213
260 35 261
260 36 190
260 37 294
260 38 282
260 39 250
260 40 250
260 41 306
260 42 250
260 43 217
260 44 262
260 45 272
260 46 262
260 47 244
260 48 215
260 49 263
260 50 210
260 51 225
260 52 223
260 53 225
260 54 250
260 55 210
260 56 249
260 57 274
260 58 192
260 59 310
260 60 261
260 61 244
260 62 311
260 63 199
260 64 263
260 65 340
260 66 250
260 67 273
260 68 270
260 69 253
260 70 313
260 71 261
260 72 300
260 73 294
260 74 249
260 75 223
260 76 269
260 77 294
260 78 294
260 79 267
260 80 388
260 81 274
260 82 238
260 83 281
260 84 271
260 85 224
260 86 217
260 87 262
260 88 332
260 89 249
260 90 312
260 91 203
260 92 225
260 93 255
260 94 225
260 95 198
260 96 244
260 97 247
260 98 244
260 99 305
270 0 318
270 1 273
270 2 235
270 3 224
270 4 279
270 5 327
270 6 222
270 7 209
270 8 274
270 9 231
270 10 260
270 11 245
270 12 207
270 13 271
270 14 318
270 15 245
270 16 385
270 17 269
270 18 245
270 19 224
270 20 268
270 21 238
270 22 288
270 23 279
270 24 197
270 25 232
270 26 313
270 27 262
270 28 310
270 29 260
270 30 292
270 31 252
270 32 219
270 33 402
270 34 228
270 35 268
270 36 197
270 37 301
270 38 282
270 39 260
270 40 260
270 41 313
270 42 260
270 43 224
270 44 269
270 45 279
270 46 269
270 47 254
270 48 222
270 49 278
270 50 217
270 51 240
270 52 233
270 53 232
270 54 260
270 55 220
270 56 259
270 57 281
270 58 199
270 59 320
270 60 268
270 61 254
270 62 318
270 63 206
270 64 273
270 65 350
270 66 260
270 67 280
270 68 277
270 69 260
270 70 328
270 71 268
270 72 307
270 73 301
270 74 256
270 75 230
270 76 276
270 77 309
270 78 301
270 79 274
270 80 395
270 81 289
270 82 245
270 83 288
270 84 278
270 85 239
270 86 224
270 87 269
270 88 339
270 89 259
270 90 327
270 91 210
270 92 232
270 93 265
270 94 240
270 95 205
270 96 254
270 97 257
270 98 254
270 99 312
280 0 327
280 1 283
280 2 243
280 3 233
280 4 287
280 5 337
280 6 231
280 7 209
280 8 289
280 9 239
280 10 270
280 11 254
280 12 216
280 13 279
280 14 327
280 15 253
280 16 395
280 17 277
280 18 254
280 19 233
280 20 277
280 21 253
280 22 297
280 23 294
280 24 206
280 25 241
280 26 321
280 27 272
280 28 318
280 29 275
280 30 300
280 31 267
280 32 227
280 33 410
280 34 243
280 35 277
280 36 206
280 37 309
280 38 282
280 39 270
280 40 270
280 41 321
280 42 270
280 43 233
280 44 277
280 45 287
280 46 277
280 47 264
280 48 231
280 49 293
280 50 226
280 51 255
280 52 243
280 53 240
280 54 270
280 55 230
280 56 269
280 57 289
280 58 208
280 59 330
280 60 277
280 61 264
280 62 327
280 63 215
280 64 283
280 65 360
280 66 270
280 67 288
280 68 286
280 69 268
280 70 343
280 71 277
280 72 315
280 73 309
280 74 264
280 75 239
280 76 284
280 77 318
280 78 309
280 79 282
280 80 403
280 81 304
280 82 254
280 83 297
280 84 286
280 85 254
280 86 233
280 87 277
280 88 348
280 89 269
280 90 342
280 91 219
280 92 240
280 93 275
280 94 255
280 95 214
280 96 264
280 97 267
280 98 264
280 99 320
290 0 331
290 1 287
290 2 247
290 3 241
290 4 305
290 5 341
290 6 239
290 7 209
290 8 297
290 9 243
290 10 274
290 11 262
290 12 220
290 13 283
290 14 331
290 15 271
290 16 399
290 17 295
290 18 262
290 19 241
290 20 285
290 21 261
290 22 305
290 23 326
290 24 210
290 25 249
290 26 339
290 27 276
290 28 322
290 29 320
290 30 304
290 31 275
290 32 235
290 33 455
290 34 251
290 35 285
290 36 210
290 37 313
290 38 282
290 39 274
290 40 274
290 41 339
290 42 274
290 43 241
290 44 295
290 45 291
290 46 281
290 47 268
290 48 235
290 49 301
290 50 230
290 51 255
290 52 247
290 53 244
290 54 274
290 55 234
290 56 273
290 57 293
290 58 212
290 59 334
290 60 285
290 61 268
290 62 331
290 63 223
290 64 287
290 65 364
290 66 274
290 67 306
290 68 294
290 69 272
290 70 373
290 71 285
290 72 333
290 73 313
290 74 268
290 75 243
290 76 302
290 77 318
290 78 313
290 79 286
290 80 421
290 81 312
290 82 262
290 83 305
290 84 290
290 85 262
290 86 241
290 87 281
290 88 352
290 89 273
290 90 350
290 91 223
290 92 248
290 93 279
290 94 263
290 95 218
290 96 268
290 97 271
290 98 268
290 99 338
300 0 336
300 1 292
300 2 252
300 3 250
300 4 318
300 5 346
300 6 248
300 7 209
300 8 306
300 9 248
300 10 279
300 11 271
300 12 225
300 13 288
300 14 336
300 15 284
300 16 404
300 17 308
300 18 271
300 19 250
300 20 294
300 21 270
300 22 314
300 23 326
300 24 215
300 25 258
300 26 352
300 27 281
300 28 327
300 29 367
300 30 309
300 31 284
300 32 244
300 33 496
300 34 260
300 35 294
300 36 215
300 37 318
300 38 282
300 39 279
300 40 279
300 41 352
300 42 279
300 43 250
300 44 308
300 45 296
300 46 286
300 47 273
300 48 240
300 49 310
300 50 235
300 51 255
300 52 252
300 53 249
300 54 279
300 55 239
300 56 278
300 57 298
300 58 217
300 59 339
300 60 294
300 61 273
300 62 336
300 63 232
300 64 292
300 65 369
300 66 279
300 67 319
300 68 303
300 69 277
300 70 373
300 71 294
300 72 346
300 73 318
300 74 273
300 75 248
300 76 313
300 77 318
300 78 318
300 79 291
300 80 434
300 81 321
300 82 271
300 83 314
300 84 295
300 85 271
300 86 250
300 87 286
300 88 357
300 89 278
300 90 359
300 91 228
300 92 257
300 93 284
300 94 272
300 95 223
300 96 273
300 97 276
300 98 273
300 99 351
310 0 352
310 1 308
310 2 267
310 3 261
310 4 326
310 5 362
310 6 259
310 7 209
310 8 314
310 9 263
310 10 303
310 11 282
310 12 240
310 13 296
310 14 352
310 15 292
310 16 420
310 17 316
310 18 282
310 19 261
310 20 305
310 21 278
310 22 325
310 23 334
310 24 230
310 25 269
310 26 360
310 27 297
310 28 342
310 29 375
310 30 317
310 31 295
310 32 252
310 33 496
310 34 271
310 35 305
310 36 230
310 37 326
310 38 282
310 39 299
310 40 299
310 41 360
310 42 303
310 43 277
310 44 316
310 45 304
310 46 294
310 47 297
310 48 255
310 49 321
310 50 259
310 51 263
310 52 272
310 53 264
310 54 299
310 55 263
310 56 298
310 57 313
310 58 244
310 59 355
310 60 305
310 61 293
310 62 352
310 63 259
310 64 308
310 65 385
310 66 299
310 67 327
310 68 314
310 69 292
310 70 373
310 71 305
310 72 354
310 73 333
310 74 288
310 75 275
310 76 313
310 77 318
310 78 326
310 79 306
310 80 442
310 81 332
310 82 282
310 83 325
310 84 303
310 85 279
310 86 277
310 87 294
310 88 373
310 89 298
310 90 367
310 91 243
310 92 265
310 93 300
310 94 283
310 95 250
310 96 297
310 97 296
310 98 297
310 99 359
320 0 370
320 1 326
320 2 282
320 3 274
320 4 335
320 5 380
320 6 272
320 7 209
320 8 323
320 9 278
320 10 329
320 11 295
320 12 255
320 13 305
320 14 370
320 15 301
320 16 438
320 17 325
320 18 295
320 19 274
320 20 318
320 21 287
320 22 338
320 23 343
320 24 245
320 25 282
320 26 369
320 27 315
320 28 357
320 29 384
320 30 326
320 31 308
320 32 261
320 33 496
320 34 284
320 35 318
320 36 245
320 37 335
320 38 282
320 39 321
320 40 321
320 41 369
320 42 329
320 43 305
320 44 325
320 45 313
320 46 303
320 47 323
320 48 270
320 49 334
320 50 285
320 51 272
320 52 294
320 53 279
320 54 321
320 55 289
320 56 320
320 57 328
320 58 272
320 59 373
320 60 318
320 61 315
320 62 370
320 63 287
320 64 326
320 65 403
320 66 321
320 67 336
320 68 327
320 69 307
320 70 373
320 71 318
320 72 363
320 73 348
320 74 303
320 75 303
320 76 313
320 77 318
320 78 335
320 79 321
320 80 451
320 81 345
320 82 295
320 83 338
320 84 312
320 85 288
320 86 305
320 87 303
320 88 391
320 89 320
320 90 376
320 91 258
320 92 274
320 93 318
320 94 296
320 95 278
320 96 323
320 97 318
320 98 323
320 99 368
330 0 381
330 1 337
330 2 289
330 3 284
330 4 342
330 5 391
330 6 282
330 7 209
330 8 330
330 9 288
330 10 339
330 11 305
330 12 262
330 13 315
330 14 381
330 15 308
330 16 449
330 17 335
330 18 305
330 19 284
330 20 328
330 21 294
330 22 348
330 23 350
330 24 252
330 25 292
330 26 376
330 27 326
330 28 367
330 29 391
330 30 336
330 31 318
330 32 268
330 33 496
330 34 294
330 35 328
330 36 252
330 37 345
330 38 282
330 39 332
330 40 332
330 41 376
330 42 339
330 43 315
330 44 335
330 45 320
330 46 313
330 47 333
330 48 277
330 49 344
330 50 292
330 51 279
330 52 305
330 53 286
330 54 332
330 55 296
330 56 331
330 57 338
330 58 279
330 59 384
330 60 328
330 61 326
330 62 381
330 63 294
330 64 332
330 65 414
330 66 326
330 67 346
330 68 337
330 69 317
330 70 373
330 71 328
330 72 370
330 73 358
330 74 313
330 75 310
330 76 313
330 77 318
330 78 342
330 79 331
330 80 458
330 81 355
330 82 305
330 83 348
330 84 322
330 85 295
330 86 315
330 87 313
330 88 402
330 89 331
330 90 386
330 91 265
330 92 281
330 93 329
330 94 303
330 95 285
330 96 333
330 97 329
330 98 333
330 99 375
340 0 393
340 1 349
340 2 297
340 3 296
340 4 350
340 5 403
340 6 294
340 7 209
340 8 338
340 9 299
340 10 350
340 11 317
340 12 270
340 13 326
340 14 393
340 15 316
340 16 461
340 17 346
340 18 317
340 19 296
340 20 340
340 21 302
340 22 360
340 23 358
340 24 260
340 25 304
340 26 384
340 27 338
340 28 378
340 29 399
340 30 347
340 31 330
340 32 276
340 33 496
340 34 306
340 35 340
340 36 260
340 37 356
340 38 282
340 39 344
340 40 344
340 41 384
340 42 350
340 43 327
340 44 346
340 45 328
340 46 324
340 47 344
340 48 285
340 49 356
340 50 300
340 51 287
340 52 317
340 53 294
340 54 344
340 55 304
340 56 343
340 57 349
340 58 287
340 59 396
340 60 340
340 61 338
340 62 393
340 63 302
340 64 332
340 65 426
340 66 326
340 67 357
340 68 349
340 69 328
340 70 373
340 71 340
340 72 378
340 73 369
340 74 324
340 75 318
340 76 313
340 77 318
340 78 350
340 79 342
340 80 466
340 81 367
340 82 317
340 83 360
340 84 333
340 85 303
340 86 327
340 87 324
340 88 414
340 89 343
340 90 398
340 91 273
340 92 289
340 93 341
340 94 311
340 95 293
340 96 344
340 97 341
340 98 344
340 99 383
350 0 408
350 1 354
350 2 302
350 3 329
350 4 359
350 5 408
350 6 309
350 7 209
350 8 347
350 9 304
350 10 355
350 11 350
350 12 275
350 13 331
350 14 408
350 15 325
350 16 466
350 17 351
350 18 350
350 19 311
350 20 355
350 21 311
350 22 375
350 23 367
350 24 265
350 25 313
350 26 393
350 27 343
350 28 383
350 29 408
350 30 352
350 31 339
350 32 285
350 33 496
350 34 315
350 35 355
350 36 265
350 37 361
350 38 282
350 39 349
350 40 349
350 41 393
350 42 355
350 43 342
350 44 351
350 45 333
350 46 329
350 47 349
350 48 290
350 49 365
350 50 305
350 51 296
350 52 322
350 53 303
350 54 349
350 55 309
350 56 348
350 57 354
350 58 296
350 59 401
350 60 355
350 61 343
350 62 408
350 63 311
350 64 332
350 65 431
350 66 326
350 67 362
350 68 364
350 69 333
350 70 373
350 71 355
350 72 387
350 73 374
350 74 329
350 75 319
350 76 313
350 77 318
350 78 355
350 79 347
350 80 475
350 81 376
350 82 350
350 83 375
350 84 338
350 85 312
350 86 342
350 87 329
350 88 419
350 89 348
350 90 407
350 91 278
350 92 298
350 93 346
350 94 320
350 95 302
350 96 349
350 97 346
350 98 349
350 99 392
360 0 423
360 1 359
360 2 307
360 3 365
360 4 368
360 5 413
360 6 324
360 7 209
360 8 356
360 9 309
360 10 360
360 11 386
360 12 280
360 13 336
360 14 423
360 15 334
360 16 471
360 17 356
360 18 386
360 19 326
360 20 370
360 21 320
360 22 390
360 23 373
360 24 270
360 25 322
360 26 402
360 27 348
360 28 388
360 29 417
360 30 357
360 31 348
360 32 294
360 33 496
360 34 324
360 35 370
360 36 270
360 37 366
360 38 282
360 39 354
360 40 354
360 41 402
360 42 360
360 43 357
360 44 356
360 45 338
360 46 334
360 47 354
360 48 295
360 49 374
360 50 310
360 51 305
360 52 324
360 53 312
360 54 354
360 55 314
360 56 353
360 57 359
360 58 305
360 59 406
360 60 370
360 61 348
360 62 423
360 63 320
360 64 332
360 65 436
360 66 326
360 67 367
360 68 379
360 69 338
360 70 373
360 71 370
360 72 396
360 73 379
360 74 334
360 75 319
360 76 313
360 77 318
360 78 360
360 79 352
360 80 484
360 81 385
360 82 386
360 83 390
360 84 343
360 85 321
360 86 357
360 87 334
360 88 424
360 89 353
360 90 416
360 91 283
360 92 307
360 93 351
360 94 329
360 95 311
360 96 354
360 97 351
360 98 354
360 99 401
370 0 434
370 1 370
370 2 316
370 3 376
370 4 380
370 5 424
370 6 327
370 7 209
370 8 368
370 9 318
370 10 371
370 11 397
370 12 289
370 13 345
370 14 430
370 15 346
370 16 482
370 17 365
370 18 416
370 19 337
370 20 381
370 21 329
370 22 401
370 23 373
370 24 275
370 25 333
370 26 414
370 27 359
370 28 397
370 29 424
370 30 366
370 31 378
370 32 306
370 33 496
370 34 340
370 35 381
370 36 279
370 37 375
370 38 282
370 39 365
370 40 365
370 41 414
370 42 371
370 43 368
370 44 365
370 45 350
370 46 343
370 47 356
370 48 304
370 49 404
370 50 319
370 51 317
370 52 324
370 53 324
370 54 365
370 55 316
370 56 364
370 57 368
370 58 316
370 59 417
370 60 381
370 61 349
370 62 434
370 63 353
370 64 332
370 65 447
370 66 326
370 67 379
370 68 390
370 69 347
370 70 373
370 71 381
370 72 408
370 73 388
370 74 343
370 75 319
370 76 313
370 77 318
370 78 369
370 79 361
370 80 496
370 81 415
370 82 397
370 83 401
370 84 352
370 85 325
370 86 368
370 87 343
370 88 435
370 89 364
370 90 428
370 91 292
370 92 319
370 93 358
370 94 362
370 95 344
370 96 365
370 97 362
370 98 365
370 99 413
380 0 447
380 1 382
380 2 326
380 3 389
380 4 394
380 5 436
380 6 327
380 7 209
380 8 382
380 9 328
380 10 383
380 11 410
380 12 299
380 13 355
380 14 430
380 15 360
380 16 494
380 17 375
380 18 447
380 19 350
380 20 394
380 21 329
380 22 407
380 23 373
380 24 275
380 25 346
380 26 428
380 27 371
380 28 407
380 29 424
380 30 376
380 31 409
380 32 320
380 33 496
380 34 340
380 35 394
380 36 289
380 37 385
380 38 282
380 39 377
380 40 377
380 41 428
380 42 383
380 43 381
380 44 375
380 45 356
380 46 353
380 47 356
380 48 314
380 49 426
380 50 329
380 51 331
380 52 324
380 53 338
380 54 377
380 55 316
380 56 376
380 57 378
380 58 329
380 59 429
380 60 394
380 61 349
380 62 447
380 63 389
380 64 332
380 65 459
380 66 326
380 67 383
380 68 398
380 69 357
380 70 373
380 71 394
380 72 422
380 73 398
380 74 353
380 75 319
380 76 313
380 77 318
380 78 379
380 79 371
380 80 510
380 81 446
380 82 410
380 83 414
380 84 362
380 85 325
380 86 381
380 87 352
380 88 447
380 89 376
380 90 442
380 91 302
380 92 333
380 93 358
380 94 398
380 95 380
380 96 377
380 97 374
380 98 377
380 99 427
390 0 457
390 1 389
390 2 336
390 3 399
390 4 404
390 5 443
390 6 327
390 7 209
390 8 392
390 9 335
390 10 390
390 11 420
390 12 309
390 13 362
390 14 430
390 15 370
390 16 504
390 17 382
390 18 450
390 19 360
390 20 404
390 21 329
390 22 407
390 23 373
390 24 275
390 25 356
390 26 438
390 27 378
390 28 414
390 29 424
390 30 383
390 31 419
390 32 322
390 33 496
390 34 340
390 35 404
390 36 296
390 37 392
390 38 282
390 39 384
390 40 384
390 41 438
390 42 390
390 43 391
390 44 382
390 45 356
390 46 360
390 47 356
390 48 324
390 49 426
390 50 336
390 51 341
390 52 324
390 53 348
390 54 384
390 55 316
390 56 383
390 57 385
390 58 339
390 59 439
390 60 404
390 61 349
390 62 457
390 63 399
390 64 332
390 65 469
390 66 326
390 67 383
390 68 398
390 69 364
390 70 373
390 71 404
390 72 432
390 73 405
390 74 360
390 75 319
390 76 313
390 77 318
390 78 389
390 79 375
390 80 520
390 81 456
390 82 420
390 83 424
390 84 369
390 85 325
390 86 391
390 87 359
390 88 457
390 89 383
390 90 452
390 91 312
390 92 343
390 93 358
390 94 408
390 95 390
390 96 384
390 97 381
390 98 384
390 99 437
400 0 469
400 1 398
400 2 347
400 3 411
400 4 415
400 5 452
400 6 327
400 7 209
400 8 402
400 9 344
400 10 399
400 11 432
400 12 320
400 13 371
400 14 430
400 15 381
400 16 516
400 17 391
400 18 450
400 19 372
400 20 416
400 21 329
400 22 407
400 23 373
400 24 275
400 25 368
400 26 449
400 27 387
400 28 423
400 29 424
400 30 392
400 31 431
400 32 322
400 33 496
400 34 340
400 35 416
400 36 305
400 37 401
400 38 282
400 39 393
400 40 393
400 41 449
400 42 392
400 43 403
400 44 391
400 45 356
400 46 369
400 47 356
400 48 335
400 49 426
400 50 345
400 51 352
400 52 324
400 53 359
400 54 393
400 55 316
400 56 392
400 57 394
400 58 350
400 59 451
400 60 416
400 61 349
400 62 469
400 63 410
400 64 332
400 65 481
400 66 326
400 67 383
400 68 398
400 69 373
400 70 373
400 71 416
400 72 443
400 73 414
400 74 369
400 75 319
400 76 313
400 77 318
400 78 400
400 79 375
400 80 531
400 81 468
400 82 432
400 83 436
400 84 378
400 85 325
400 86 403
400 87 368
400 88 469
400 89 392
400 90 463
400 91 323
400 92 354
400 93 358
400 94 419
400 95 401
400 96 393
400 97 390
400 98 393
400 99 448
410 0 499
410 1 413
410 2 369
410 3 433
410 4 437
410 5 467
410 6 327
410 7 209
410 8 402
410 9 348
410 10 414
410 11 459
410 12 348
410 13 384
410 14 430
410 15 403
410 16 546
410 17 404
410 18 450
410 19 402
410 20 424
410 21 329
410 22 407
410 23 373
410 24 275
410 25 390
410 26 471
410 27 402
410 28 436
410 29 424
410 30 405
410 31 460
410 32 322
410 33 496
410 34 340
410 35 443
410 36 318
410 37 414
410 38 282
410 39 408
410 40 408
410 41 470
410 42 392
410 43 423
410 44 404
410 45 356
410 46 381
410 47 356
410 48 363
410 49 426
410 50 358
410 51 374
410 52 324
410 53 364
410 54 408
410 55 316
410 56 407
410 57 407
410 58 372
410 59 473
410 60 443
410 61 349
410 62 499
410 63 438
410 64 332
410 65 496
410 66 326
410 67 383
410 68 398
410 69 386
410 70 373
410 71 443
410 72 465
410 73 427
410 74 382
410 75 319
410 76 313
410 77 318
410 78 404
410 79 375
410 80 553
410 81 479
410 82 459
410 83 438
410 84 391
410 85 325
410 86 409
410 87 381
410 88 491
410 89 407
410 90 485
410 91 345
410 92 358
410 93 358
410 94 433
410 95 405
410 96 408
410 97 405
410 98 408
410 99 470
420 0 530
420 1 426
420 2 393
420 3 433
420 4 461
420 5 484
420 6 327
420 7 209
420 8 402
420 9 348
420 10 431
420 11 487
420 12 349
420 13 398
420 14 430
420 15 427
420 16 577
420 17 418
420 18 450
420 19 407
420 20 424
420 21 329
420 22 407
420 23 373
420 24 275
420 25 390
420 26 495
420 27 419
420 28 450
420 29 424
420 30 419
420 31 461
420 32 322
420 33 496
420 34 340
420 35 470
420 36 332
420 37 428
420 38 282
420 39 425
420 40 425
420 41 494
420 42 392
420 43 423
420 44 418
420 45 356
420 46 394
420 47 356
420 48 364
420 49 426
420 50 372
420 51 398
420 52 324
420 53 364
420 54 425
420 55 316
420 56 424
420 57 421
420 58 372
420 59 473
420 60 471
420 61 349
420 62 530
420 63 438
420 64 332
420 65 513
420 66 326
420 67 383
420 68 398
420 69 400
420 70 373
420 71 471
420 72 489
420 73 441
420 74 396
420 75 319
420 76 313
420 77 318
420 78 404
420 79 375
420 80 577
420 81 479
420 82 477
420 83 438
420 84 405
420 85 325
420 86 409
420 87 393
420 88 491
420 89 424
420 90 509
420 91 369
420 92 358
420 93 358
420 94 433
420 95 405
420 96 425
420 97 417
420 98 425
420 99 494
430 0 560
430 1 426
430 2 405
430 3 455
430 4 475
430 5 516
430 6 327
430 7 209
430 8 402
430 9 348
430 10 445
430 11 509
430 12 361
430 13 412
430 14 430
430 15 441
430 16 607
430 17 432
430 18 450
430 19 407
430 20 424
430 21 329
430 22 407
430 23 373
430 24 275
430 25 412
430 26 509
430 27 443
430 28 464
430 29 424
430 30 433
430 31 461
430 32 322
430 33 496
430 34 340
430 35 492
430 36 346
430 37 440
430 38 282
430 39 451
430 40 426
430 41 508
430 42 392
430 43 423
430 44 432
430 45 356
430 46 408
430 47 356
430 48 376
430 49 426
430 50 386
430 51 412
430 52 324
430 53 364
430 54 451
430 55 316
430 56 450
430 57 435
430 58 384
430 59 485
430 60 493
430 61 349
430 62 560
430 63 438
430 64 332
430 65 532
430 66 326
430 67 383
430 68 398
430 69 414
430 70 373
430 71 474
430 72 502
430 73 447
430 74 410
430 75 319
430 76 313
430 77 318
430 78 404
430 79 375
430 80 591
430 81 479
430 82 477
430 83 438
430 84 419
430 85 325
430 86 409
430 87 393
430 88 513
430 89 438
430 90 523
430 91 381
430 92 358
430 93 358
430 94 433
430 95 405
430 96 439
430 97 417
430 98 439
430 99 508
440 0 591
440 1 426
440 2 419
440 3 464
440 4 490
440 5 547
440 6 327
440 7 209
440 8 402
440 9 348
440 10 459
440 11 517
440 12 375
440 13 427
440 14 430
440 15 456
440 16 638
440 17 447
440 18 450
440 19 407
440 20 424
440 21 329
440 22 407
440 23 373
440 24 275
440 25 421
440 26 524
440 27 443
440 28 478
440 29 424
440 30 448
440 31 461
440 32 322
440 33 496
440 34 340
440 35 501
440 36 360
440 37 454
440 38 282
440 39 451
440 40 426
440 41 523
440 42 392
440 43 423
440 44 447
440 45 356
440 46 423
440 47 356
440 48 390
440 49 426
440 50 397
440 51 427
440 52 324
440 53 364
440 54 451
440 55 316
440 56 450
440 57 449
440 58 396
440 59 485
440 60 502
440 61 349
440 62 591
440 63 438
440 64 332
440 65 532
440 66 326
440 67 383
440 68 398
440 69 428
440 70 373
440 71 474
440 72 502
440 73 447
440 74 424
440 75 319
440 76 313
440 77 318
440 78 404
440 79 375
440 80 606
440 81 479
440 82 477
440 83 438
440 84 434
440 85 325
440 86 409
440 87 393
440 88 522
440 89 452
440 90 538
440 91 395
440 92 358
440 93 358
440 94 433
440 95 405
440 96 453
440 97 417
440 98 453
440 99 523
450 0 621
450 1 426
450 2 461
450 3 487
450 4 492
450 5 560
450 6 327
450 7 209
450 8 402
450 9 348
450 10 465
450 11 517
450 12 418
450 13 431
450 14 430
450 15 468
450 16 644
450 17 456
450 18 450
450 19 407
450 20 424
450 21 329
450 22 407
450 23 373
450 24 275
450 25 421
450 26 535
450 27 443
450 28 480
450 29 424
450 30 457
450 31 461
450 32 322
450 33 496
450 34 340
450 35 501
450 36 403
450 37 456
450 38 282
450 39 451
450 40 426
450 41 534
450 42 392
450 43 423
450 44 456
450 45 356
450 46 428
450 47 356
450 48 427
450 49 426
450 50 397
450 51 445
450 52 324
450 53 364
450 54 451
450 55 316
450 56 486
450 57 461
450 58 396
450 59 485
450 60 502
450 61 349
450 62 620
450 63 438
450 64 332
450 65 532
450 66 326
450 67 383
450 68 398
450 69 434
450 70 373
450 71 474
450 72 502
450 73 447
450 74 426
450 75 319
450 76 313
450 77 318
450 78 404
450 79 375
450 80 615
450 81 479
450 82 477
450 83 438
450 84 444
450 85 325
450 86 409
450 87 393
450 88 554
450 89 483
450 90 548
450 91 437
450 92 358
450 93 358
450 94 433
450 95 405
450 96 457
450 97 417
450 98 459
450 99 535
460 0 656
460 1 426
460 2 472
460 3 487
460 4 492
460 5 560
460 6 327
460 7 209
460 8 402
460 9 348
460 10 465
460 11 517
460 12 465
460 13 431
460 14 430
460 15 468
460 16 644
460 17 456
460 18 450
460 19 407
460 20 424
460 21 329
460 22 407
460 23 373
460 24 275
460 25 421
460 26 535
460 27 443
460 28 480
460 29 424
460 30 457
460 31 461
460 32 322
460 33 496
460 34 340
460 35 501
460 36 450
460 37 456
460 38 282
460 39 451
460 40 426
460 41 534
460 42 392
460 43 423
460 44 456
460 45 356
460 46 428
460 47 356
460 48 440
460 49 426
460 50 397
460 51 445
460 52 324
460 53 364
460 54 451
460 55 316
460 56 530
460 57 461
460 58 396
460 59 485
460 60 502
460 61 349
460 62 656
460 63 438
460 64 332
460 65 532
460 66 326
460 67 383
460 68 398
460 69 434
460 70 373
460 71 474
460 72 502
460 73 447
460 74 426
460 75 319
460 76 313
460 77 318
460 78 404
460 79 375
460 80 615
460 81 479
460 82 477
460 83 438
460 84 444
460 85 325
460 86 409
460 87 393
460 88 590
460 89 519
460 90 548
460 91 450
460 92 358
460 93 358
460 94 433
460 95 405
460 96 457
460 97 417
460 98 459
460 99 535
470 0 689
470 1 426
470 2 472
470 3 520
470 4 492
470 5 560
470 6 327
470 7 209
470 8 402
470 9 348
470 10 465
470 11 517
470 12 498
470 13 431
470 14 430
470 15 517
470 16 644
470 17 456
470 18 450
470 19 407
470 20 424
470 21 329
470 22 407
470 23 373
470 24 275
470 25 421
470 26 535
470 27 443
470 28 480
470 29 424
470 30 457
470 31 461
470 32 322
470 33 496
470 34 340
470 35 501
470 36 455
470 37 456
470 38 282
470 39 451
470 40 426
470 41 536
470 42 392
470 43 423
470 44 503
470 45 356
470 46 428
470 47 356
470 48 440
470 49 426
470 50 397
470 51 445
470 52 324
470 53 364
470 54 451
470 55 316
470 56 530
470 57 461
470 58 396
470 59 485
470 60 502
470 61 349
470 62 689
470 63 438
470 64 332
470 65 532
470 66 326
470 67 383
470 68 398
470 69 434
470 70 373
470 71 474
470 72 502
470 73 447
470 74 426
470 75 319
470 76 313
470 77 318
470 78 404
470 79 375
470 80 615
470 81 479
470 82 477
470 83 438
470 84 447
470 85 325
470 86 409
470 87 393
470 88 623
470 89 552
470 90 595
470 91 483
470 92 358
470 93 358
470 94 433
470 95 405
470 96 457
470 97 417
470 98 459
470 99 537
480 0 725
480 1 426
480 2 472
480 3 556
480 4 492
480 5 560
480 6 327
480 7 209
480 8 402
480 9 348
480 10 465
480 11 517
480 12 510
480 13 431
480 14 430
480 15 525
480 16 644
480 17 456
480 18 450
480 19 407
480 20 424
480 21 329
480 22 407
480 23 373
480 24 275
480 25 421
480 26 535
480 27 443
480 28 480
480 29 424
480 30 457
480 31 461
480 32 322
480 33 496
480 34 340
480 35 501
480 36 455
480 37 456
480 38 282
480 39 451
480 40 426
480 41 536
480 42 392
480 43 423
480 44 550
480 45 356
480 46 428
480 47 356
480 48 440
480 49 426
480 50 397
480 51 445
480 52 324
480 53 364
480 54 451
480 55 316
480 56 530
480 57 461
480 58 396
480 59 485
480 60 502
480 61 349
480 62 725
480 63 438
480 64 332
480 65 532
480 66 326
480 67 383
480 68 398
480 69 434
480 70 373
480 71 474
480 72 502
480 73 447
480 74 426
480 75 319
480 76 313
480 77 318
480 78 404
480 79 375
480 80 615
480 81 479
480 82 477
480 83 438
480 84 447
480 85 325
480 86 409
480 87 393
480 88 631
480 89 588
480 90 642
480 91 519
480 92 358
480 93 358
480 94 433
480 95 405
480 96 457
480 97 417
480 98 459
480 99 537
490 0 770
490 1 426
490 2 472
490 3 601
490 4 492
490 5 560
490 6 327
490 7 209
490 8 402
490 9 348
490 10 465
490 11 517
490 12 510
490 13 431
490 14 430
490 15 525
490 16 644
490 17 456
490 18 450
490 19 407
490 20 424
490 21 329
490 22 407
490 23 373
490 24 275
490 25 421
490 26 535
490 27 443
490 28 480
490 29 424
490 30 457
490 31 461
490 32 322
490 33 496
490 34 340
490 35 501
490 36 455
490 37 456
490 38 282
490 39 451
490 40 426
490 41 536
490 42 392
490 43 423
490 44 550
490 45 356
490 46 428
490 47 356
490 48 440
490 49 426
490 50 397
490 51 445
490 52 324
490 53 364
490 54 451
490 55 316
490 56 530
490 57 461
490 58 396
490 59 485
490 60 502
490 61 349
490 62 725
490 63 438
490 64 332
490 65 532
490 66 326
490 67 383
490 68 398
490 69 434
490 70 373
490 71 474
490 72 502
490 73 447
490 74 426
490 75 319
490 76 313
490 77 318
490 78 404
490 79 375
490 80 615
490 81 479
490 82 477
490 83 438
490 84 447
490 85 325
490 86 409
490 87 393
490 88 631
490 89 633
490 90 642
490 91 521
490 92 358
490 93 358
490 94 433
490 95 405
490 96 457
490 97 417
490 98 459
490 99 537
494.80000000004401 0 789
494.80000000004401 1 426
494.80000000004401 2 472
494.80000000004401 3 625
494.80000000004401 4 492
494.80000000004401 5 560
494.80000000004401 6 327
494.80000000004401 7 209
494.80000000004401 8 402
494.80000000004401 9 348
494.80000000004401 10 465
494.80000000004401 11 517
494.80000000004401 12 510
494.80000000004401 13 431
494.80000000004401 14 430
494.80000000004401 15 525
494.80000000004401 16 644
494.80000000004401 17 456
494.80000000004401 18 450
494.80000000004401 19 407
494.80000000004401 20 424
494.80000000004401 21 329
494.80000000004401 22 407
494.80000000004401 23 373
494.80000000004401 24 275
494.80000000004401 25 421
494.80000000004401 26 535
494.80000000004401 27 443
494.80000000004401 28 480
494.80000000004401 29 424
494.80000000004401 30 457
494.80000000004401 31 461
494.80000000004401 32 322
494.80000000004401 33 496
494.80000000004401 34 340
494.80000000004401 35 501
494.80000000004401 36 455
494.80000000004401 37 456
494.80000000004401 38 282
494.80000000004401 39 451
494.80000000004401 40 426
494.80000000004401 41 536
494.80000000004401 42 392
494.80000000004401 43 423
494.80000000004401 44 550
494.80000000004401 45 356
494.80000000004401 46 428
494.80000000004401 47 356
494.80000000004401 48 440
494.80000000004401 49 426
494.80000000004401 50 397
494.80000000004401 51 445
494.80000000004401 52 324
494.80000000004401 53 364
494.80000000004401 54 451
494.80000000004401 55 316
494.80000000004401 56 530
494.80000000004401 57 461
494.80000000004401 58 396
494.80000000004401 59 485
494.80000000004401 60 502
494.80000000004401 61 349
494.80000000004401 62 725
494.80000000004401 63 438
494.80000000004401 64 332
494.80000000004401 65 532
494.80000000004401 66 326
494.80000000004401 67 383
494.80000000004401 68 398
494.80000000004401 69 434
494.80000000004401 70 373
494.80000000004401 71 474
494.80000000004401 72 502
494.80000000004401 73 447
494.80000000004401 74 426
494.80000000004401 75 319
494.80000000004401 76 313
494.80000000004401 77 318
494.80000000004401 78 404
494.80000000004401 79 375
494.80000000004401 80 615
494.80000000004401 81 479
494.80000000004401 82 477
494.80000000004401 83 438
494.80000000004401 84 447
494.80000000004401 85 325
494.80000000004401 86 409
494.80000000004401 87 393
494.80000000004401 88 631
494.80000000004401 89 656
494.80000000004401 90 642
494.80000000004401 91 521
494.80000000004401 92 358
494.80000000004401 93 358
494.80000000004401 94 433
494.80000000004401 95 405
494.80000000004401 96 457
494.80000000004401 97 417
494.80000000004401 98 459
494.80000000004401 99 537
